{
 "cells": [
  {
   "cell_type": "markdown",
   "metadata": {},
   "source": [
    "unsupervised ai\n",
    "\n",
    "predicting acidity content based on varibales in red wine "
   ]
  },
  {
   "cell_type": "code",
   "execution_count": 130,
   "metadata": {},
   "outputs": [],
   "source": [
    "import pandas as pd\n",
    "import numpy as np\n",
    "from sklearn.linear_model import LinearRegression\n",
    "from sklearn.preprocessing import PolynomialFeatures\n",
    "from sklearn.linear_model import LogisticRegression\n",
    "from sklearn.model_selection import train_test_split\n",
    "import matplotlib.pyplot as plt\n",
    "from sklearn.tree import DecisionTreeRegressor\n",
    "from sklearn.datasets import make_blobs\n",
    "from sklearn.mixture import BayesianGaussianMixture\n",
    "from sklearn.preprocessing import StandardScaler"
   ]
  },
  {
   "cell_type": "code",
   "execution_count": 131,
   "metadata": {},
   "outputs": [],
   "source": [
    "df = pd.read_csv('winequality-red.csv')\n"
   ]
  },
  {
   "cell_type": "code",
   "execution_count": 132,
   "metadata": {},
   "outputs": [],
   "source": [
    "qualPred = df.drop('quality', axis=1).values\n",
    "qual = df['quality'].values"
   ]
  },
  {
   "cell_type": "code",
   "execution_count": 133,
   "metadata": {},
   "outputs": [],
   "source": [
    "X = np.column_stack((qualPred, qual))"
   ]
  },
  {
   "cell_type": "code",
   "execution_count": 134,
   "metadata": {},
   "outputs": [],
   "source": [
    "bgmm = BayesianGaussianMixture(n_components=4, covariance_type='full', weight_concentration_prior_type='dirichlet_process', random_state=42)"
   ]
  },
  {
   "cell_type": "code",
   "execution_count": 135,
   "metadata": {},
   "outputs": [
    {
     "data": {
      "text/plain": [
       "array([0.08159, 0.15672, 0.29126, 0.47043])"
      ]
     },
     "execution_count": 135,
     "metadata": {},
     "output_type": "execute_result"
    }
   ],
   "source": [
    "bgmm.fit(X)\n",
    "np.round(bgmm.weights_, 5)"
   ]
  },
  {
   "cell_type": "code",
   "execution_count": 136,
   "metadata": {},
   "outputs": [],
   "source": [
    "X = StandardScaler().fit_transform(X)"
   ]
  },
  {
   "cell_type": "code",
   "execution_count": 137,
   "metadata": {},
   "outputs": [
    {
     "data": {
      "text/html": [
       "<style>#sk-container-id-10 {\n",
       "  /* Definition of color scheme common for light and dark mode */\n",
       "  --sklearn-color-text: #000;\n",
       "  --sklearn-color-text-muted: #666;\n",
       "  --sklearn-color-line: gray;\n",
       "  /* Definition of color scheme for unfitted estimators */\n",
       "  --sklearn-color-unfitted-level-0: #fff5e6;\n",
       "  --sklearn-color-unfitted-level-1: #f6e4d2;\n",
       "  --sklearn-color-unfitted-level-2: #ffe0b3;\n",
       "  --sklearn-color-unfitted-level-3: chocolate;\n",
       "  /* Definition of color scheme for fitted estimators */\n",
       "  --sklearn-color-fitted-level-0: #f0f8ff;\n",
       "  --sklearn-color-fitted-level-1: #d4ebff;\n",
       "  --sklearn-color-fitted-level-2: #b3dbfd;\n",
       "  --sklearn-color-fitted-level-3: cornflowerblue;\n",
       "\n",
       "  /* Specific color for light theme */\n",
       "  --sklearn-color-text-on-default-background: var(--sg-text-color, var(--theme-code-foreground, var(--jp-content-font-color1, black)));\n",
       "  --sklearn-color-background: var(--sg-background-color, var(--theme-background, var(--jp-layout-color0, white)));\n",
       "  --sklearn-color-border-box: var(--sg-text-color, var(--theme-code-foreground, var(--jp-content-font-color1, black)));\n",
       "  --sklearn-color-icon: #696969;\n",
       "\n",
       "  @media (prefers-color-scheme: dark) {\n",
       "    /* Redefinition of color scheme for dark theme */\n",
       "    --sklearn-color-text-on-default-background: var(--sg-text-color, var(--theme-code-foreground, var(--jp-content-font-color1, white)));\n",
       "    --sklearn-color-background: var(--sg-background-color, var(--theme-background, var(--jp-layout-color0, #111)));\n",
       "    --sklearn-color-border-box: var(--sg-text-color, var(--theme-code-foreground, var(--jp-content-font-color1, white)));\n",
       "    --sklearn-color-icon: #878787;\n",
       "  }\n",
       "}\n",
       "\n",
       "#sk-container-id-10 {\n",
       "  color: var(--sklearn-color-text);\n",
       "}\n",
       "\n",
       "#sk-container-id-10 pre {\n",
       "  padding: 0;\n",
       "}\n",
       "\n",
       "#sk-container-id-10 input.sk-hidden--visually {\n",
       "  border: 0;\n",
       "  clip: rect(1px 1px 1px 1px);\n",
       "  clip: rect(1px, 1px, 1px, 1px);\n",
       "  height: 1px;\n",
       "  margin: -1px;\n",
       "  overflow: hidden;\n",
       "  padding: 0;\n",
       "  position: absolute;\n",
       "  width: 1px;\n",
       "}\n",
       "\n",
       "#sk-container-id-10 div.sk-dashed-wrapped {\n",
       "  border: 1px dashed var(--sklearn-color-line);\n",
       "  margin: 0 0.4em 0.5em 0.4em;\n",
       "  box-sizing: border-box;\n",
       "  padding-bottom: 0.4em;\n",
       "  background-color: var(--sklearn-color-background);\n",
       "}\n",
       "\n",
       "#sk-container-id-10 div.sk-container {\n",
       "  /* jupyter's `normalize.less` sets `[hidden] { display: none; }`\n",
       "     but bootstrap.min.css set `[hidden] { display: none !important; }`\n",
       "     so we also need the `!important` here to be able to override the\n",
       "     default hidden behavior on the sphinx rendered scikit-learn.org.\n",
       "     See: https://github.com/scikit-learn/scikit-learn/issues/21755 */\n",
       "  display: inline-block !important;\n",
       "  position: relative;\n",
       "}\n",
       "\n",
       "#sk-container-id-10 div.sk-text-repr-fallback {\n",
       "  display: none;\n",
       "}\n",
       "\n",
       "div.sk-parallel-item,\n",
       "div.sk-serial,\n",
       "div.sk-item {\n",
       "  /* draw centered vertical line to link estimators */\n",
       "  background-image: linear-gradient(var(--sklearn-color-text-on-default-background), var(--sklearn-color-text-on-default-background));\n",
       "  background-size: 2px 100%;\n",
       "  background-repeat: no-repeat;\n",
       "  background-position: center center;\n",
       "}\n",
       "\n",
       "/* Parallel-specific style estimator block */\n",
       "\n",
       "#sk-container-id-10 div.sk-parallel-item::after {\n",
       "  content: \"\";\n",
       "  width: 100%;\n",
       "  border-bottom: 2px solid var(--sklearn-color-text-on-default-background);\n",
       "  flex-grow: 1;\n",
       "}\n",
       "\n",
       "#sk-container-id-10 div.sk-parallel {\n",
       "  display: flex;\n",
       "  align-items: stretch;\n",
       "  justify-content: center;\n",
       "  background-color: var(--sklearn-color-background);\n",
       "  position: relative;\n",
       "}\n",
       "\n",
       "#sk-container-id-10 div.sk-parallel-item {\n",
       "  display: flex;\n",
       "  flex-direction: column;\n",
       "}\n",
       "\n",
       "#sk-container-id-10 div.sk-parallel-item:first-child::after {\n",
       "  align-self: flex-end;\n",
       "  width: 50%;\n",
       "}\n",
       "\n",
       "#sk-container-id-10 div.sk-parallel-item:last-child::after {\n",
       "  align-self: flex-start;\n",
       "  width: 50%;\n",
       "}\n",
       "\n",
       "#sk-container-id-10 div.sk-parallel-item:only-child::after {\n",
       "  width: 0;\n",
       "}\n",
       "\n",
       "/* Serial-specific style estimator block */\n",
       "\n",
       "#sk-container-id-10 div.sk-serial {\n",
       "  display: flex;\n",
       "  flex-direction: column;\n",
       "  align-items: center;\n",
       "  background-color: var(--sklearn-color-background);\n",
       "  padding-right: 1em;\n",
       "  padding-left: 1em;\n",
       "}\n",
       "\n",
       "\n",
       "/* Toggleable style: style used for estimator/Pipeline/ColumnTransformer box that is\n",
       "clickable and can be expanded/collapsed.\n",
       "- Pipeline and ColumnTransformer use this feature and define the default style\n",
       "- Estimators will overwrite some part of the style using the `sk-estimator` class\n",
       "*/\n",
       "\n",
       "/* Pipeline and ColumnTransformer style (default) */\n",
       "\n",
       "#sk-container-id-10 div.sk-toggleable {\n",
       "  /* Default theme specific background. It is overwritten whether we have a\n",
       "  specific estimator or a Pipeline/ColumnTransformer */\n",
       "  background-color: var(--sklearn-color-background);\n",
       "}\n",
       "\n",
       "/* Toggleable label */\n",
       "#sk-container-id-10 label.sk-toggleable__label {\n",
       "  cursor: pointer;\n",
       "  display: flex;\n",
       "  width: 100%;\n",
       "  margin-bottom: 0;\n",
       "  padding: 0.5em;\n",
       "  box-sizing: border-box;\n",
       "  text-align: center;\n",
       "  align-items: start;\n",
       "  justify-content: space-between;\n",
       "  gap: 0.5em;\n",
       "}\n",
       "\n",
       "#sk-container-id-10 label.sk-toggleable__label .caption {\n",
       "  font-size: 0.6rem;\n",
       "  font-weight: lighter;\n",
       "  color: var(--sklearn-color-text-muted);\n",
       "}\n",
       "\n",
       "#sk-container-id-10 label.sk-toggleable__label-arrow:before {\n",
       "  /* Arrow on the left of the label */\n",
       "  content: \"▸\";\n",
       "  float: left;\n",
       "  margin-right: 0.25em;\n",
       "  color: var(--sklearn-color-icon);\n",
       "}\n",
       "\n",
       "#sk-container-id-10 label.sk-toggleable__label-arrow:hover:before {\n",
       "  color: var(--sklearn-color-text);\n",
       "}\n",
       "\n",
       "/* Toggleable content - dropdown */\n",
       "\n",
       "#sk-container-id-10 div.sk-toggleable__content {\n",
       "  max-height: 0;\n",
       "  max-width: 0;\n",
       "  overflow: hidden;\n",
       "  text-align: left;\n",
       "  /* unfitted */\n",
       "  background-color: var(--sklearn-color-unfitted-level-0);\n",
       "}\n",
       "\n",
       "#sk-container-id-10 div.sk-toggleable__content.fitted {\n",
       "  /* fitted */\n",
       "  background-color: var(--sklearn-color-fitted-level-0);\n",
       "}\n",
       "\n",
       "#sk-container-id-10 div.sk-toggleable__content pre {\n",
       "  margin: 0.2em;\n",
       "  border-radius: 0.25em;\n",
       "  color: var(--sklearn-color-text);\n",
       "  /* unfitted */\n",
       "  background-color: var(--sklearn-color-unfitted-level-0);\n",
       "}\n",
       "\n",
       "#sk-container-id-10 div.sk-toggleable__content.fitted pre {\n",
       "  /* unfitted */\n",
       "  background-color: var(--sklearn-color-fitted-level-0);\n",
       "}\n",
       "\n",
       "#sk-container-id-10 input.sk-toggleable__control:checked~div.sk-toggleable__content {\n",
       "  /* Expand drop-down */\n",
       "  max-height: 200px;\n",
       "  max-width: 100%;\n",
       "  overflow: auto;\n",
       "}\n",
       "\n",
       "#sk-container-id-10 input.sk-toggleable__control:checked~label.sk-toggleable__label-arrow:before {\n",
       "  content: \"▾\";\n",
       "}\n",
       "\n",
       "/* Pipeline/ColumnTransformer-specific style */\n",
       "\n",
       "#sk-container-id-10 div.sk-label input.sk-toggleable__control:checked~label.sk-toggleable__label {\n",
       "  color: var(--sklearn-color-text);\n",
       "  background-color: var(--sklearn-color-unfitted-level-2);\n",
       "}\n",
       "\n",
       "#sk-container-id-10 div.sk-label.fitted input.sk-toggleable__control:checked~label.sk-toggleable__label {\n",
       "  background-color: var(--sklearn-color-fitted-level-2);\n",
       "}\n",
       "\n",
       "/* Estimator-specific style */\n",
       "\n",
       "/* Colorize estimator box */\n",
       "#sk-container-id-10 div.sk-estimator input.sk-toggleable__control:checked~label.sk-toggleable__label {\n",
       "  /* unfitted */\n",
       "  background-color: var(--sklearn-color-unfitted-level-2);\n",
       "}\n",
       "\n",
       "#sk-container-id-10 div.sk-estimator.fitted input.sk-toggleable__control:checked~label.sk-toggleable__label {\n",
       "  /* fitted */\n",
       "  background-color: var(--sklearn-color-fitted-level-2);\n",
       "}\n",
       "\n",
       "#sk-container-id-10 div.sk-label label.sk-toggleable__label,\n",
       "#sk-container-id-10 div.sk-label label {\n",
       "  /* The background is the default theme color */\n",
       "  color: var(--sklearn-color-text-on-default-background);\n",
       "}\n",
       "\n",
       "/* On hover, darken the color of the background */\n",
       "#sk-container-id-10 div.sk-label:hover label.sk-toggleable__label {\n",
       "  color: var(--sklearn-color-text);\n",
       "  background-color: var(--sklearn-color-unfitted-level-2);\n",
       "}\n",
       "\n",
       "/* Label box, darken color on hover, fitted */\n",
       "#sk-container-id-10 div.sk-label.fitted:hover label.sk-toggleable__label.fitted {\n",
       "  color: var(--sklearn-color-text);\n",
       "  background-color: var(--sklearn-color-fitted-level-2);\n",
       "}\n",
       "\n",
       "/* Estimator label */\n",
       "\n",
       "#sk-container-id-10 div.sk-label label {\n",
       "  font-family: monospace;\n",
       "  font-weight: bold;\n",
       "  display: inline-block;\n",
       "  line-height: 1.2em;\n",
       "}\n",
       "\n",
       "#sk-container-id-10 div.sk-label-container {\n",
       "  text-align: center;\n",
       "}\n",
       "\n",
       "/* Estimator-specific */\n",
       "#sk-container-id-10 div.sk-estimator {\n",
       "  font-family: monospace;\n",
       "  border: 1px dotted var(--sklearn-color-border-box);\n",
       "  border-radius: 0.25em;\n",
       "  box-sizing: border-box;\n",
       "  margin-bottom: 0.5em;\n",
       "  /* unfitted */\n",
       "  background-color: var(--sklearn-color-unfitted-level-0);\n",
       "}\n",
       "\n",
       "#sk-container-id-10 div.sk-estimator.fitted {\n",
       "  /* fitted */\n",
       "  background-color: var(--sklearn-color-fitted-level-0);\n",
       "}\n",
       "\n",
       "/* on hover */\n",
       "#sk-container-id-10 div.sk-estimator:hover {\n",
       "  /* unfitted */\n",
       "  background-color: var(--sklearn-color-unfitted-level-2);\n",
       "}\n",
       "\n",
       "#sk-container-id-10 div.sk-estimator.fitted:hover {\n",
       "  /* fitted */\n",
       "  background-color: var(--sklearn-color-fitted-level-2);\n",
       "}\n",
       "\n",
       "/* Specification for estimator info (e.g. \"i\" and \"?\") */\n",
       "\n",
       "/* Common style for \"i\" and \"?\" */\n",
       "\n",
       ".sk-estimator-doc-link,\n",
       "a:link.sk-estimator-doc-link,\n",
       "a:visited.sk-estimator-doc-link {\n",
       "  float: right;\n",
       "  font-size: smaller;\n",
       "  line-height: 1em;\n",
       "  font-family: monospace;\n",
       "  background-color: var(--sklearn-color-background);\n",
       "  border-radius: 1em;\n",
       "  height: 1em;\n",
       "  width: 1em;\n",
       "  text-decoration: none !important;\n",
       "  margin-left: 0.5em;\n",
       "  text-align: center;\n",
       "  /* unfitted */\n",
       "  border: var(--sklearn-color-unfitted-level-1) 1pt solid;\n",
       "  color: var(--sklearn-color-unfitted-level-1);\n",
       "}\n",
       "\n",
       ".sk-estimator-doc-link.fitted,\n",
       "a:link.sk-estimator-doc-link.fitted,\n",
       "a:visited.sk-estimator-doc-link.fitted {\n",
       "  /* fitted */\n",
       "  border: var(--sklearn-color-fitted-level-1) 1pt solid;\n",
       "  color: var(--sklearn-color-fitted-level-1);\n",
       "}\n",
       "\n",
       "/* On hover */\n",
       "div.sk-estimator:hover .sk-estimator-doc-link:hover,\n",
       ".sk-estimator-doc-link:hover,\n",
       "div.sk-label-container:hover .sk-estimator-doc-link:hover,\n",
       ".sk-estimator-doc-link:hover {\n",
       "  /* unfitted */\n",
       "  background-color: var(--sklearn-color-unfitted-level-3);\n",
       "  color: var(--sklearn-color-background);\n",
       "  text-decoration: none;\n",
       "}\n",
       "\n",
       "div.sk-estimator.fitted:hover .sk-estimator-doc-link.fitted:hover,\n",
       ".sk-estimator-doc-link.fitted:hover,\n",
       "div.sk-label-container:hover .sk-estimator-doc-link.fitted:hover,\n",
       ".sk-estimator-doc-link.fitted:hover {\n",
       "  /* fitted */\n",
       "  background-color: var(--sklearn-color-fitted-level-3);\n",
       "  color: var(--sklearn-color-background);\n",
       "  text-decoration: none;\n",
       "}\n",
       "\n",
       "/* Span, style for the box shown on hovering the info icon */\n",
       ".sk-estimator-doc-link span {\n",
       "  display: none;\n",
       "  z-index: 9999;\n",
       "  position: relative;\n",
       "  font-weight: normal;\n",
       "  right: .2ex;\n",
       "  padding: .5ex;\n",
       "  margin: .5ex;\n",
       "  width: min-content;\n",
       "  min-width: 20ex;\n",
       "  max-width: 50ex;\n",
       "  color: var(--sklearn-color-text);\n",
       "  box-shadow: 2pt 2pt 4pt #999;\n",
       "  /* unfitted */\n",
       "  background: var(--sklearn-color-unfitted-level-0);\n",
       "  border: .5pt solid var(--sklearn-color-unfitted-level-3);\n",
       "}\n",
       "\n",
       ".sk-estimator-doc-link.fitted span {\n",
       "  /* fitted */\n",
       "  background: var(--sklearn-color-fitted-level-0);\n",
       "  border: var(--sklearn-color-fitted-level-3);\n",
       "}\n",
       "\n",
       ".sk-estimator-doc-link:hover span {\n",
       "  display: block;\n",
       "}\n",
       "\n",
       "/* \"?\"-specific style due to the `<a>` HTML tag */\n",
       "\n",
       "#sk-container-id-10 a.estimator_doc_link {\n",
       "  float: right;\n",
       "  font-size: 1rem;\n",
       "  line-height: 1em;\n",
       "  font-family: monospace;\n",
       "  background-color: var(--sklearn-color-background);\n",
       "  border-radius: 1rem;\n",
       "  height: 1rem;\n",
       "  width: 1rem;\n",
       "  text-decoration: none;\n",
       "  /* unfitted */\n",
       "  color: var(--sklearn-color-unfitted-level-1);\n",
       "  border: var(--sklearn-color-unfitted-level-1) 1pt solid;\n",
       "}\n",
       "\n",
       "#sk-container-id-10 a.estimator_doc_link.fitted {\n",
       "  /* fitted */\n",
       "  border: var(--sklearn-color-fitted-level-1) 1pt solid;\n",
       "  color: var(--sklearn-color-fitted-level-1);\n",
       "}\n",
       "\n",
       "/* On hover */\n",
       "#sk-container-id-10 a.estimator_doc_link:hover {\n",
       "  /* unfitted */\n",
       "  background-color: var(--sklearn-color-unfitted-level-3);\n",
       "  color: var(--sklearn-color-background);\n",
       "  text-decoration: none;\n",
       "}\n",
       "\n",
       "#sk-container-id-10 a.estimator_doc_link.fitted:hover {\n",
       "  /* fitted */\n",
       "  background-color: var(--sklearn-color-fitted-level-3);\n",
       "}\n",
       "</style><div id=\"sk-container-id-10\" class=\"sk-top-container\"><div class=\"sk-text-repr-fallback\"><pre>BayesianGaussianMixture(n_components=4, random_state=42)</pre><b>In a Jupyter environment, please rerun this cell to show the HTML representation or trust the notebook. <br />On GitHub, the HTML representation is unable to render, please try loading this page with nbviewer.org.</b></div><div class=\"sk-container\" hidden><div class=\"sk-item\"><div class=\"sk-estimator fitted sk-toggleable\"><input class=\"sk-toggleable__control sk-hidden--visually\" id=\"sk-estimator-id-10\" type=\"checkbox\" checked><label for=\"sk-estimator-id-10\" class=\"sk-toggleable__label fitted sk-toggleable__label-arrow\"><div><div>BayesianGaussianMixture</div></div><div><a class=\"sk-estimator-doc-link fitted\" rel=\"noreferrer\" target=\"_blank\" href=\"https://scikit-learn.org/1.6/modules/generated/sklearn.mixture.BayesianGaussianMixture.html\">?<span>Documentation for BayesianGaussianMixture</span></a><span class=\"sk-estimator-doc-link fitted\">i<span>Fitted</span></span></div></label><div class=\"sk-toggleable__content fitted\"><pre>BayesianGaussianMixture(n_components=4, random_state=42)</pre></div> </div></div></div></div>"
      ],
      "text/plain": [
       "BayesianGaussianMixture(n_components=4, random_state=42)"
      ]
     },
     "execution_count": 137,
     "metadata": {},
     "output_type": "execute_result"
    }
   ],
   "source": [
    "bgmm.fit(X)"
   ]
  },
  {
   "cell_type": "code",
   "execution_count": 138,
   "metadata": {},
   "outputs": [
    {
     "name": "stdout",
     "output_type": "stream",
     "text": [
      "Effective components: 4\n"
     ]
    }
   ],
   "source": [
    "print(\"Effective components:\", np.sum(bgmm.weights_ > 1e-3))\n"
   ]
  },
  {
   "cell_type": "code",
   "execution_count": 139,
   "metadata": {},
   "outputs": [
    {
     "name": "stdout",
     "output_type": "stream",
     "text": [
      "means of clusters:\n",
      " [[-0.23003862  0.33862952 -0.33549577 -0.25227048 -0.10963068  0.09405895\n",
      "   0.51076336  0.16948554  0.06649494 -0.46266143 -0.79920191 -0.49068765]\n",
      " [ 0.5226913  -0.65777769  0.65228787 -0.22047385 -0.20479526 -0.18166412\n",
      "  -0.40710767  0.07862375 -0.28965707  0.20001543  0.35411134  0.4389122 ]\n",
      " [ 0.13442282  0.04412424  0.3710561   1.19285     0.90028853  0.2215816\n",
      "   0.42018208  0.3835816  -0.40663397  0.61380904  0.03079179 -0.13047499]\n",
      " [-0.81535853  0.75400066 -1.13684107 -0.31346504 -0.27982539  0.01124521\n",
      "  -0.34417657 -0.76311351  0.85270396 -0.28826868  0.44977892 -0.01931402]]\n"
     ]
    }
   ],
   "source": [
    "print(\"means of clusters:\\n\", bgmm.means_)"
   ]
  },
  {
   "cell_type": "code",
   "execution_count": 140,
   "metadata": {},
   "outputs": [
    {
     "name": "stdout",
     "output_type": "stream",
     "text": [
      "Covariance Matrices:\n",
      " [[[ 3.03214958e-01  7.46439774e-02  1.61839635e-01  8.12610801e-02\n",
      "    3.26611026e-02  7.20362980e-02  1.41784412e-01  1.99501310e-01\n",
      "   -2.22623311e-01 -8.61660984e-03  1.66672519e-02 -2.57109752e-02]\n",
      "  [ 7.46439774e-02  5.86438154e-01 -1.60348690e-01  8.77248592e-03\n",
      "    2.42294784e-02 -9.57108323e-02 -1.28049023e-02  2.18342164e-02\n",
      "   -7.25754291e-02 -3.00312148e-03  4.32129870e-02 -7.46529079e-02]\n",
      "  [ 1.61839635e-01 -1.60348690e-01  5.02167123e-01  2.74430841e-02\n",
      "    3.94021667e-02  1.83448480e-01  3.35537339e-01  9.14736090e-02\n",
      "   -1.75185269e-01 -1.04129687e-02 -3.55055694e-02 -3.57253021e-02]\n",
      "  [ 8.12610801e-02  8.77248592e-03  2.74430841e-02  9.09473871e-02\n",
      "    1.50748939e-02  4.42719490e-02  9.19144224e-02  1.18398700e-01\n",
      "   -1.37544356e-02  1.66934385e-02  7.19635925e-03 -4.48681444e-03]\n",
      "  [ 3.26611026e-02  2.42294784e-02  3.94021667e-02  1.50748939e-02\n",
      "    5.51095132e-02  2.96345491e-02  6.81881577e-02  3.53142343e-02\n",
      "   -4.98078019e-02  1.60755426e-02 -1.40706171e-03 -1.34098685e-02]\n",
      "  [ 7.20362980e-02 -9.57108323e-02  1.83448480e-01  4.42719490e-02\n",
      "    2.96345491e-02  6.90012795e-01  5.80738560e-01  5.15813075e-02\n",
      "   -7.73338839e-02 -4.97498765e-02  6.41484390e-03 -4.88626967e-02]\n",
      "  [ 1.41784412e-01 -1.28049023e-02  3.35537339e-01  9.19144224e-02\n",
      "    6.81881577e-02  5.80738560e-01  1.12513491e+00  7.59379293e-02\n",
      "   -2.19289877e-01 -5.48136486e-02 -6.30453171e-03 -9.74781367e-02]\n",
      "  [ 1.99501310e-01  2.18342164e-02  9.14736090e-02  1.18398700e-01\n",
      "    3.53142343e-02  5.15813075e-02  7.59379293e-02  3.55523106e-01\n",
      "    9.51903987e-02  1.01673275e-01 -1.36142469e-02  8.79337152e-03]\n",
      "  [-2.22623311e-01 -7.25754291e-02 -1.75185269e-01 -1.37544356e-02\n",
      "   -4.98078019e-02 -7.73338839e-02 -2.19289877e-01  9.51903987e-02\n",
      "    6.72473644e-01  1.32561137e-01  1.52834542e-02  6.71394882e-02]\n",
      "  [-8.61660984e-03 -3.00312148e-03 -1.04129687e-02  1.66934385e-02\n",
      "    1.60755426e-02 -4.97498765e-02 -5.48136486e-02  1.01673275e-01\n",
      "    1.32561137e-01  2.49184367e-01  1.01767752e-03  6.66478228e-02]\n",
      "  [ 1.66672519e-02  4.32129870e-02 -3.55055694e-02  7.19635925e-03\n",
      "   -1.40706171e-03  6.41484390e-03 -6.30453171e-03 -1.36142469e-02\n",
      "    1.52834542e-02  1.01767752e-03  7.86105953e-02  1.03914252e-02]\n",
      "  [-2.57109752e-02 -7.46529079e-02 -3.57253021e-02 -4.48681444e-03\n",
      "   -1.34098685e-02 -4.88626967e-02 -9.74781367e-02  8.79337152e-03\n",
      "    6.71394882e-02  6.66478228e-02  1.03914252e-02  3.37631341e-01]]\n",
      "\n",
      " [[ 1.12958815e+00  1.16986425e-03  5.19009501e-01  7.38400575e-02\n",
      "    7.36016512e-02 -1.98782762e-01 -6.89226198e-02  7.77867591e-01\n",
      "   -6.98737586e-01  9.57277051e-02 -2.49596682e-01  1.12579421e-02]\n",
      "  [ 1.16986425e-03  4.76035624e-01 -1.73924906e-01  3.93755772e-02\n",
      "    3.83411132e-02 -1.07317689e-02  2.37257800e-02  1.62782566e-01\n",
      "   -1.40040827e-04 -1.35950126e-01 -9.30976546e-02 -1.91026161e-01]\n",
      "  [ 5.19009501e-01 -1.73924906e-01  5.47311602e-01  4.16743910e-02\n",
      "    3.45693484e-02 -1.37658219e-01 -5.98920055e-02  3.02480194e-01\n",
      "   -3.22445037e-01  7.68793673e-02  6.26947843e-03  8.39457294e-02]\n",
      "  [ 7.38400575e-02  3.93755772e-02  4.16743910e-02  1.02360754e-01\n",
      "    3.27895604e-02  1.29339290e-02  3.34626453e-02  1.34772987e-01\n",
      "   -1.75176735e-02  1.41051614e-02  2.71137905e-02  3.84577250e-03]\n",
      "  [ 7.36016512e-02  3.83411132e-02  3.45693484e-02  3.27895604e-02\n",
      "    1.08699956e-01 -1.55596340e-02  1.24384112e-02  1.25981911e-01\n",
      "   -2.46007749e-02 -3.31330042e-02 -4.88928187e-02 -5.39673840e-02]\n",
      "  [-1.98782762e-01 -1.07317689e-02 -1.37658219e-01  1.29339290e-02\n",
      "   -1.55596340e-02  8.22814384e-01  4.08348904e-01 -8.45261766e-02\n",
      "    2.07092105e-01  1.38352340e-01  1.77738928e-02  3.29665032e-02]\n",
      "  [-6.89226198e-02  2.37257800e-02 -5.98920055e-02  3.34626453e-02\n",
      "    1.24384112e-02  4.08348904e-01  2.84409548e-01  5.38296445e-02\n",
      "    9.70818180e-02  5.09063476e-02 -3.37193818e-02 -4.30526755e-02]\n",
      "  [ 7.77867591e-01  1.62782566e-01  3.02480194e-01  1.34772987e-01\n",
      "    1.25981911e-01 -8.45261766e-02  5.38296445e-02  1.01625367e+00\n",
      "   -3.64789362e-01  5.35464098e-02 -5.58489584e-01 -2.35214420e-01]\n",
      "  [-6.98737586e-01 -1.40040827e-04 -3.22445037e-01 -1.75176735e-02\n",
      "   -2.46007749e-02  2.07092105e-01  9.70818180e-02 -3.64789362e-01\n",
      "    7.56275727e-01 -7.23286786e-03  1.71154477e-01 -5.24807469e-02]\n",
      "  [ 9.57277051e-02 -1.35950126e-01  7.68793673e-02  1.41051614e-02\n",
      "   -3.31330042e-02  1.38352340e-01  5.09063476e-02  5.35464098e-02\n",
      "   -7.23286786e-03  6.08463955e-01  8.78097318e-02  3.09288521e-01]\n",
      "  [-2.49596682e-01 -9.30976546e-02  6.26947843e-03  2.71137905e-02\n",
      "   -4.88928187e-02  1.77738928e-02 -3.37193818e-02 -5.58489584e-01\n",
      "    1.71154477e-01  8.78097318e-02  8.07816984e-01  3.62442413e-01]\n",
      "  [ 1.12579421e-02 -1.91026161e-01  8.39457294e-02  3.84577250e-03\n",
      "   -5.39673840e-02  3.29665032e-02 -4.30526755e-02 -2.35214420e-01\n",
      "   -5.24807469e-02  3.09288521e-01  3.62442413e-01  9.42023158e-01]]\n",
      "\n",
      " [[ 1.12991450e+00 -2.20128678e-01  5.85825501e-01  6.11687200e-02\n",
      "    5.50435207e-02 -2.66909752e-01 -3.27222298e-01  7.82626616e-01\n",
      "   -5.28980865e-01  2.52407858e-01  1.79587309e-01  1.68889036e-01]\n",
      "  [-2.20128678e-01  1.05102413e+00 -5.14405927e-01 -7.69746853e-02\n",
      "    1.28387651e-01 -6.25016159e-02 -6.63883632e-02  1.49359759e-01\n",
      "    3.09002356e-01 -2.40981541e-01 -2.69586146e-01 -4.26208653e-01]\n",
      "  [ 5.85825501e-01 -5.14405927e-01  1.04217899e+00  2.32774990e-02\n",
      "    5.66325639e-01 -1.13890379e-01  3.87308497e-03  2.15911579e-01\n",
      "   -4.72301432e-01  5.26733511e-01  2.81818616e-01  3.21920250e-01]\n",
      "  [ 6.11687200e-02 -7.69746853e-02  2.32774990e-02  3.40964396e+00\n",
      "   -1.07384636e+00  6.44625042e-01  3.36655632e-01  8.53624381e-01\n",
      "    2.54697873e-01 -8.97891554e-01  1.10530028e-01  2.40119723e-01]\n",
      "  [ 5.50435207e-02  1.28387651e-01  5.66325639e-01 -1.07384636e+00\n",
      "    4.08259346e+00 -1.97700689e-01 -3.54516103e-01  1.39949251e-01\n",
      "   -7.16339361e-01  1.52154671e+00 -8.20825545e-01 -3.26280746e-01]\n",
      "  [-2.66909752e-01 -6.25016159e-02 -1.13890379e-01  6.44625042e-01\n",
      "   -1.97700689e-01  1.73209118e+00  1.24152261e+00 -8.51502654e-03\n",
      "   -4.32062049e-02 -8.91222909e-02 -3.01938393e-01 -1.90057271e-01]\n",
      "  [-3.27222298e-01 -6.63883632e-02  3.87308497e-03  3.36655632e-01\n",
      "   -3.54516103e-01  1.24152261e+00  1.74861295e+00 -1.63297819e-01\n",
      "   -1.71218928e-01  2.45501638e-01 -2.13818905e-01 -1.63070937e-01]\n",
      "  [ 7.82626616e-01  1.49359759e-01  2.15911579e-01  8.53624381e-01\n",
      "    1.39949251e-01 -8.51502654e-03 -1.63297819e-01  1.40237144e+00\n",
      "   -1.30062328e-01  2.48483422e-01 -3.68143091e-01 -1.00329297e-01]\n",
      "  [-5.28980865e-01  3.09002356e-01 -4.72301432e-01  2.54697873e-01\n",
      "   -7.16339361e-01 -4.32062049e-02 -1.71218928e-01 -1.30062328e-01\n",
      "    9.94868396e-01 -7.58362020e-01  1.69598022e-01 -8.43689237e-02]\n",
      "  [ 2.52407858e-01 -2.40981541e-01  5.26733511e-01 -8.97891554e-01\n",
      "    1.52154671e+00 -8.91222909e-02  2.45501638e-01  2.48483422e-01\n",
      "   -7.58362020e-01  2.61931692e+00 -4.03789885e-01 -8.45870361e-02]\n",
      "  [ 1.79587309e-01 -2.69586146e-01  2.81818616e-01  1.10530028e-01\n",
      "   -8.20825545e-01 -3.01938393e-01 -2.13818905e-01 -3.68143091e-01\n",
      "    1.69598022e-01 -4.03789885e-01  1.16886817e+00  5.13534649e-01]\n",
      "  [ 1.68889036e-01 -4.26208653e-01  3.21920250e-01  2.40119723e-01\n",
      "   -3.26280746e-01 -1.90057271e-01 -1.63070937e-01 -1.00329297e-01\n",
      "   -8.43689237e-02 -8.45870361e-02  5.13534649e-01  1.14941073e+00]]\n",
      "\n",
      " [[ 2.47527773e-01  1.18666071e-01 -2.17281502e-03  2.13998097e-02\n",
      "    8.20238460e-02 -7.43314587e-02 -1.03731665e-01  2.64868006e-01\n",
      "   -3.40368886e-01 -1.11505250e-01 -2.91954550e-01 -9.45273688e-02]\n",
      "  [ 1.18666071e-01  8.89947955e-01 -2.43402631e-02  1.99638244e-02\n",
      "    5.25872132e-02 -1.24631614e-01 -8.79989901e-02  1.84024245e-01\n",
      "    3.58752922e-02 -2.02374530e-01 -1.80994114e-01 -3.43818841e-01]\n",
      "  [-2.17281502e-03 -2.43402631e-02  7.88658192e-02  1.07495989e-02\n",
      "   -7.34556423e-03 -2.27099270e-03  3.67099215e-02 -1.08407794e-02\n",
      "   -2.58981902e-02  3.30917825e-03  9.05306588e-03  6.80434759e-03]\n",
      "  [ 2.13998097e-02  1.99638244e-02  1.07495989e-02  8.64020275e-02\n",
      "    3.16306636e-02 -3.29257642e-03 -6.86680431e-03  5.61441346e-02\n",
      "   -3.04044952e-02 -1.01902641e-02  1.63667569e-02 -1.24928556e-02]\n",
      "  [ 8.20238460e-02  5.25872132e-02 -7.34556423e-03  3.16306636e-02\n",
      "    1.52637497e-01 -3.16587938e-02 -5.79495405e-02  1.52376247e-01\n",
      "   -1.21768106e-01 -3.61078168e-02 -1.68841253e-01 -4.26784601e-02]\n",
      "  [-7.43314587e-02 -1.24631614e-01 -2.27099270e-03 -3.29257642e-03\n",
      "   -3.16587938e-02  8.43281333e-01  3.72188807e-01 -8.14665630e-02\n",
      "    8.11836281e-02  1.67252321e-01  9.77745876e-02  1.66295232e-01]\n",
      "  [-1.03731665e-01 -8.79989901e-02  3.67099215e-02 -6.86680431e-03\n",
      "   -5.79495405e-02  3.72188807e-01  3.97120431e-01 -1.52642630e-01\n",
      "    1.13142767e-01  1.33916612e-01  1.99094820e-01  1.56045079e-01]\n",
      "  [ 2.64868006e-01  1.84024245e-01 -1.08407794e-02  5.61441346e-02\n",
      "    1.52376247e-01 -8.14665630e-02 -1.52642630e-01  6.37983999e-01\n",
      "   -2.86448791e-01 -5.86213890e-02 -6.67194717e-01 -2.87128466e-01]\n",
      "  [-3.40368886e-01  3.58752922e-02 -2.58981902e-02 -3.04044952e-02\n",
      "   -1.21768106e-01  8.11836281e-02  1.13142767e-01 -2.86448791e-01\n",
      "    7.93310218e-01  1.30719141e-01  4.64679469e-01  3.91280021e-02]\n",
      "  [-1.11505250e-01 -2.02374530e-01  3.30917825e-03 -1.01902641e-02\n",
      "   -3.61078168e-02  1.67252321e-01  1.33916612e-01 -5.86213890e-02\n",
      "    1.30719141e-01  3.84278429e-01  1.42644487e-01  2.66594029e-01]\n",
      "  [-2.91954550e-01 -1.80994114e-01  9.05306588e-03  1.63667569e-02\n",
      "   -1.68841253e-01  9.77745876e-02  1.99094820e-01 -6.67194717e-01\n",
      "    4.64679469e-01  1.42644487e-01  1.07015662e+00  4.31262055e-01]\n",
      "  [-9.45273688e-02 -3.43818841e-01  6.80434759e-03 -1.24928556e-02\n",
      "   -4.26784601e-02  1.66295232e-01  1.56045079e-01 -2.87128466e-01\n",
      "    3.91280021e-02  2.66594029e-01  4.31262055e-01  1.06967075e+00]]]\n"
     ]
    }
   ],
   "source": [
    "\n",
    "print(\"Covariance Matrices:\\n\", bgmm.covariances_)"
   ]
  },
  {
   "cell_type": "code",
   "execution_count": 141,
   "metadata": {},
   "outputs": [
    {
     "data": {
